A7EC462C4ACF44D7B88519BB64803ED3|9999 12 31
61F4B2736B464DADB365CCD1DA198119|2022 10 10
499B5988358047C18581D02DE8805DDC|9999 01 01
98690B718A6A4222A28EDFC356CE93FC|2022 01 01
11DA33B940C24D30AC3F1A9F04D9ADBB|2022 01 01
DEBDB92D275F4F77BC8C0A0166D66873|2022 01 01
715D93D734364538B14AACD492C548ED|2022 01 02
9D9971A257344E85AB9504643E064306|2022 01 02
84854481B30F49D0990B33BBC1AC88F7|2022 01 02
429A86FA97A74F6F87B96190FDE19B12|2022 01 30
2CDB873EAFE9485EBD3CA8E49548C99D|2022 02 01
8C426D8147AA4E7F9D6F371FB4FA6134|9999 01 01
9703DC02920C4C2F8316A3AF79FACE3C|9999 01 01
A94DD44183FC41DCA4DA83EFC7C62ED0|2022 02 02
A43CDE440F84424BB401D00CA64F7800|2022 01 06
D8AD7110618347BBA3B7D5CFF4E41AE2|2022 01 06
41C8369D4FDC432F9BA5032648621101|2022 01 04
53876DBDADEC4642B264293F05138AF1|2022 01 04
08E3F849EF6A4181BEE4E0C632A8F7BE|2022 12 31
CC8D65B3E51B4135993D3B9D03060F2D|9999 01 01
5AE8DE95DA29418E968E97FC6B53372A|9999 01 01
CCC419EA565246E5B40E64387477CD8B|9999 01 01
EB753E095AFD4128B379E432064F3DCA|2022 01 10
0A40D6B004AF48AC90444BDE5C201480|2023 02 02
E422F8541C60403E9B653423041A928F|9999 02 02
641798E519C64F5E92D060F071920285|9999 01 01
0326802AE8524739AAB6F7B8AD06F6DB|9999 01 01
B9F98EF17DB34C02B9AB5BC1C28EF915|2022 01 31
CEB553C276B143BF8EDE46A0B9886024|2022 01 31
5860BA0170C74A118057CA194772536B|2022 01 12
B713FF0298604324A7A9C863BFC00796|2022 02 11
5064403A4A3F4E8AAF8105B2AB162077|2022 01 14
774F22EA7C9747C5A1325CA7BC060C1D|2022 02 14
F2E4358D35A44F58BCA2BB5D4F896F54|2022 02 11
11DA33B940C24D30AC3F1A9F04D9ADBB|2022 02 18
72E4E4F175A049C28FF53C13B85F26A4|2022 02 18
